.Random.seed <-
c(10403L, 10L, 2085678083L, 1011676050L, 1009082660L, -1669359641L, 
-1992020931L, -1158817100L, 31504666L, 1893833317L, -2040557825L, 
267031430L, -1186122480L, 1861643699L, -2136306095L, 1030417920L, 
-1885246754L, 570485033L, 1018836187L, -1038052374L, 70714252L, 
-1546599217L, 396127365L, 374236988L, 1742509586L, 1038972173L, 
2003066439L, -1966955474L, -695809656L, -1481985909L, -30471575L, 
1536464440L, -221974810L, 214043265L, 1390335507L, 762528194L, 
107735668L, -2009838473L, 717550957L, 169855492L, -1001412310L, 
-435880299L, 109188399L, -1730039754L, 2052711520L, 1597557411L, 
1399496129L, -1441941072L, 976709838L, 277665337L, 230901835L, 
2003065338L, 1148785916L, 741112127L, 2111755797L, -154311380L, 
-1030584830L, 92601565L, -711211049L, -903621954L, 420537592L, 
623196891L, -171425479L, -681868152L, -831822794L, 1757544561L, 
1469010595L, 1974167538L, -1841673404L, -1094515705L, 1002283485L, 
-1231192364L, -315121158L, -1190556347L, 386709919L, -978277594L, 
1483232176L, -622256045L, 1739299697L, -1591014752L, 339697214L, 
1730024777L, 1663847419L, -1400262710L, -920993492L, 62086447L, 
-549846043L, 1594145436L, 1852948210L, 676532077L, 464677031L, 
-415864114L, -1821738968L, -1660623829L, -1063795127L, 1867870040L, 
78825990L, 435090401L, -293023373L, 1461658082L, -2126228140L, 
1121168471L, 380538957L, 733844452L, 282251722L, 1172592693L, 
-753289585L, 1701717910L, 1629686592L, -301565L, -1183622111L, 
-33566960L, 1576838382L, 420211865L, 2007443755L, 1464778778L, 
-1931314468L, 2064673503L, -1364085579L, -1341562292L, -1768190302L, 
1112430077L, 1724415735L, -937428962L, 317749976L, -537973189L, 
-452658215L, 1908615528L, 1413251222L, 173235729L, 1200887747L, 
2046561234L, 1891292772L, -870496857L, -1557669123L, 503496436L, 
590969306L, -1333207771L, 1739839L, 1459968966L, -80914352L, 
53073011L, -833095535L, -597129024L, 2120032926L, -861045143L, 
-924176741L, 121471914L, -446617652L, -1203832177L, 878334661L, 
-384238980L, -1052617006L, -1241374131L, -139366649L, 1028289262L, 
485738440L, -767604533L, -1888216791L, -420920968L, -262125914L, 
1291096257L, -1598654125L, -1998854654L, -1292951756L, -34353993L, 
-862479187L, 1330153924L, -1398052374L, 379213397L, -2086467601L, 
1424349174L, 1026019616L, -729669917L, 1583007617L, 1295745520L, 
-1594130290L, 702523385L, 1333296523L, 505293242L, 1022978236L, 
1070091263L, -1643660971L, 1818264172L, -107682110L, 1576726813L, 
-614381673L, 376898302L, -564291400L, -266829157L, 1472467193L, 
2057335368L, -2060821130L, -621917007L, 1344250083L, 664010674L, 
-125517820L, -513019065L, -134862307L, -755646316L, -265539526L, 
738685573L, 1304834911L, 1054952422L, -186202512L, -2007455341L, 
1183518257L, -1088772896L, 1544557950L, 461309961L, -1440749509L, 
401094154L, 1566664172L, 661072495L, 658597285L, 1836012892L, 
-2012755662L, 2075596845L, 848983783L, 945314830L, -1713191448L, 
1112551403L, 917868681L, -2016443368L, -1668656314L, 1995985313L, 
1219100723L, -384315998L, -1856866156L, 270150002L, -1408001232L, 
905010468L, 1735863096L, -1881010470L, 1179895696L, 704261884L, 
-419333228L, -1962323902L, -1602300672L, -742366148L, -1500782256L, 
-343523166L, -868921016L, -960968948L, -1103265060L, 2144738642L, 
2120881280L, 1856458836L, 125136872L, 497019130L, -129213616L, 
244834092L, -908457612L, 826641298L, 620959840L, -1212858996L, 
1352702816L, -1425835550L, -1466059864L, -1074924340L, -1348292612L, 
1993065906L, -1090841104L, 531565508L, 1391613272L, 1607154042L, 
-1005722704L, -1211270724L, 1273161812L, 556468162L, 716058656L, 
203172028L, -937934256L, 173089762L, 1218904168L, 1040806988L, 
-1607137028L, 503598066L, -1691645696L, 1851158900L, -1602159608L, 
1559932858L, 836207056L, -712758292L, -849342060L, -318385710L, 
1620148576L, 1411432268L, -1674045152L, -1456705662L, 1770053352L, 
-1674227476L, -2093755332L, 938224498L, -636813712L, -673770460L, 
1267108664L, 1581690010L, 1500050128L, -1936998212L, 1443974804L, 
52356738L, 2082453696L, 346649404L, 1715190928L, 2007293474L, 
271646728L, 1355922700L, -971907940L, 453492242L, 1494802304L, 
-1889104364L, -1972196824L, -1365834438L, -775235120L, 1492702316L, 
-532031180L, 1522861714L, 357444448L, -464526516L, 694802400L, 
-980334686L, -354146392L, 1845980556L, -1805293380L, -280417934L, 
-1208273680L, -838999996L, -2010328744L, 907900474L, -879772816L, 
1965135932L, -731554028L, -544770622L, -767763744L, 549996412L, 
779407056L, -1325385566L, 569531432L, 908371212L, -1779390532L, 
1132472626L, -1340921408L, -738104780L, -1535079480L, -78079814L, 
637917584L, -1823149588L, -1263861164L, 997302418L, 1301315360L, 
1057999308L, 34207200L, -1671719230L, -540793816L, 1978135212L, 
-1600486212L, 1764268530L, -292298448L, 1378825380L, 1683990200L, 
-1314812582L, -1197169264L, 1785394044L, 1763055892L, 289452866L, 
-134817024L, -459466820L, -32792752L, -1352408286L, 313883976L, 
1375230476L, 1385642076L, -642904878L, -173860352L, -709980844L, 
767236584L, 2055126010L, 750104784L, -1739145940L, 1051751156L, 
-406845038L, -1210354592L, 1784243468L, 412857056L, -993072798L, 
1825622696L, -1457794484L, -1769209476L, -1284946638L, 770052208L, 
-1023215804L, 473673176L, -1037435782L, -864727504L, -945665348L, 
-538947756L, -336341950L, -1161089632L, 1490811580L, 1766554064L, 
21474658L, -2014564376L, -1107769396L, -581468420L, 276242930L, 
-2073122688L, 794260724L, -1864059256L, -1632925894L, -220163248L, 
-485403028L, -213446508L, -104119982L, -1539580192L, -1840254260L, 
764088480L, 606149506L, -1731022104L, -865578260L, 1470999612L, 
866755186L, -1477893008L, -1549203932L, 615777336L, -111269862L, 
223840976L, -261348292L, -1118464876L, 1346915458L, -2137102400L, 
-1101260484L, 622310032L, 712006690L, 2087494664L, 177043596L, 
-1963987940L, -1727314286L, -302517120L, 562757652L, -357128920L, 
1586122298L, -252713776L, -1035336596L, -1549364556L, 1375062034L, 
-1384925216L, -960376884L, -605131296L, 2031889954L, 914385192L, 
-498028276L, -1157753284L, 1583800562L, 2049293040L, -1517092028L, 
-954520515L, -576937977L, -1676485648L, 1934849934L, 1080280507L, 
1162642333L, -1434863286L, -1629941400L, 683251537L, -1142487997L, 
835136836L, -208400910L, 79185863L, -455784047L, 708812054L, 
-473102988L, -1628011515L, 363308111L, -2127562680L, 2045521382L, 
-273300717L, -1618815883L, -1152520622L, -1626175328L, -961117815L, 
131469755L, 290033164L, 1297258394L, 545054479L, -1020107431L, 
642719726L, -457726340L, -1793626387L, -2110056041L, -193621408L, 
1427351614L, -1040215797L, -1258110067L, 54075578L, 1587685112L, 
-1506571103L, 191551571L, -1476762764L, -1355906814L, -1588723305L, 
693803873L, -1795399770L, -1105622620L, -1434324907L, -170638081L, 
-1726862952L, -2095779146L, -1795200189L, 2063988357L, 1566669602L, 
-2104573936L, 1080564665L, 2007198827L, -604737700L, -1140091254L, 
1192981119L, 1332362185L, 971032670L, -475546868L, -514399523L, 
-2121495577L, 451178512L, 1495432494L, -1008717349L, 469952189L, 
418092074L, 586237128L, -1738759695L, 542584675L, -522815644L, 
1471565458L, -77952153L, 1439184177L, -1398436234L, -1659138156L, 
-2104693851L, 1488280751L, 1017401704L, -1323787962L, 1535799539L, 
-1135759787L, -1881075150L, -37216256L, -264403735L, 700531547L, 
303769004L, 2082651578L, 280841071L, -101831431L, -1142886002L, 
-1177631652L, 1096898253L, -388677065L, 535914688L, -1984587874L, 
-133268373L, -273441811L, -566084006L, -221822696L, 267087489L, 
-540277709L, -37301676L, 10860130L, 832059639L, 598522689L, -1341869626L, 
-1308271868L, -536858955L, -130942561L, 366835192L, -87606314L, 
1898423907L, 284972581L, 193267138L, -54068560L, -1393626407L, 
86377547L, -1613284676L, 552364266L, 850486559L, -547525207L, 
-535614658L, -2141436372L, -373607299L, -778572089L, -1340024912L, 
330648014L, 208241403L, -1892294307L, -1744977270L, 124063912L, 
-1693363183L, -394304253L, 6547460L, -777598926L, 1691066503L, 
403688657L, -856877482L, 483149364L, 1672559941L, -116871281L, 
